0.8717556471936925
1.7426896138991685
2.6070890910244673
3.47927051913707
4.348715292845584
5.213785907197937
6.078632185825281
6.950756755657393
7.813983759638582
8.678821654536826
9.544773658550588
10.41576453348629
11.28974443570596
12.162949214060397
13.030220004205017
13.89648147040829
14.76711818357016
15.636312618864876
16.49824421685719
17.358428516260375
18.23008596844304
19.093507874560835
19.95695183673582
20.830830060520793
21.69433233948312
22.568792112995325
23.44409716280826
24.317207644085858
25.18446362856561
26.063744227496315
26.931344815476077
27.800200705327285
28.665429471273566
29.532674978035963
30.39871815926967
31.273623938791886
32.15075606094161
33.01879913599831
33.89112530457283
34.766477020378304
35.629607946243674
36.501253925472085
37.37290385734226
38.24636291392175
39.110547094329284
39.98579324547543
40.85843626348462
41.73114518821222
42.60339259404581
43.46893188012721
44.336040851983526
45.200143017114875
46.059540570096765
46.930277736812485
47.79344774874622
48.66628178285095
49.534695852538064
50.39311789886961
51.254525240794564
52.12156964054277
52.9887954598759
53.84898080847587
54.726720632624264
55.58774326722686
56.44021436599963
57.31656493988214
58.18106884851599
59.04018708221869
59.91791237999283
60.78464690308631
61.64961775669807
62.52345701652849
63.393748103952866
64.25486411013051
65.10848782396184
65.99475551434593
66.86365862024715
67.73957807370549
68.60933206074581
69.47142822906204
70.33884352671359
71.20590675574502
72.08002280635917
72.94655322453754
73.80525475545707
74.67982667758231
75.55926474882686
76.4252359336114
77.29407902349294
78.14979292214849
79.01666233667427
79.8848871734463
80.76216327132072
81.63546282067055
82.51202386641101
83.371584032178
84.24912164214861
85.11734581578456
85.97853657399133
86.84399203714445
87.70592909029907
88.57820103580441
89.43220987903773
90.3072442241343
91.1758051316465
92.03352765866227
92.90096508213206
93.75673933477859
94.62706339825961
95.49598706602815
96.37012500459798
97.23301075729356
98.1107706874421
98.97271012147793
99.8522715666851
100.71717021674317
101.59742231665108
102.47045074006131
103.34760915814245
104.21644314122118
105.09032127300762
105.95382234534723
106.80453496912865
107.675322336112
108.53673065538712
109.40190503196361
110.27184827445706
111.14041223177868
112.0077045273769
112.87942713299995
113.74447559665735
114.60917087785909
115.47432067488488
116.34720406495461
117.22302007391987
118.09633358286497
118.95684673704835
119.82813358953673
120.69441503946732
121.56246426246523
122.42770693028258
123.30320110938978
124.17342123164127
125.03498664249375
125.90674111390346
126.7656855005172
127.64142456423218
128.51742175555884
129.38270579542476
130.2537244690982
131.1209622700381
131.98165428975847
132.8574269999454
133.7265839810643
134.6020775921233
135.46881566530206
136.33911623027262
137.205481242467
138.05968035518305
138.92480412279346
139.7839628456646
140.64170963516148
141.50783535166434
142.37842101595774
143.24323082081625
144.10596068015232
144.97351482898418
145.84148624493113
146.71274645153505
147.57738477696506
148.44546218210817
149.30958753241237
150.1826983965886
151.0515872685492
151.92303453301673
152.7870166289416
153.64873706921531
154.52234071931903
155.38898632386517
156.2558470279084
157.12636253796188
157.9886046015398
158.8659319847752
159.72955467600647
160.60077210965304
161.47239059614427
162.33725321149066
163.20225952823643
164.07170853219768
164.93753031008106
165.80649412611612
166.68112305728923
167.54135571061218
168.41596680664043
cosine_similarity mean_error:  0.8681235402404146
0.23261161891047163
0.46518706016908723
0.6978177269942621
0.9304379876957546
1.1630380734580965
1.3956432760381412
1.6282656080785873
1.860875474888133
2.0934406884999306
2.3260133636704463
2.5586000769612296
2.791179201776859
3.0237977593387484
3.2564407729951723
3.489021767720793
3.721628837763519
3.954230759724455
4.186808097593221
4.419418625595085
4.652035848385019
4.884616238622826
5.1172634960100245
5.349875607738312
5.582482771874862
5.8150565950296444
6.047699957491054
6.280372946151062
6.513001594918126
6.745630978705138
6.978236499753901
7.2108450466661145
7.443473067976962
7.676044514217431
7.908617107471805
8.1412590647598
8.373887646287328
8.606457909784853
8.839027367635468
9.07161598344815
9.304217699736975
9.536804469610804
9.769428894610433
10.002042133019108
10.23465778276851
10.467264277327772
10.699835536026985
10.932421473251885
11.165005157819536
11.397587876592421
11.630215045820103
11.86284376433271
12.095430690466861
12.327951739071331
12.56055536078637
12.793162307084422
13.025764470989234
13.258342528954575
13.490918695014685
13.723556540325156
13.956180059942644
14.18881849256997
14.421372737525916
14.653980423856279
14.886576269396567
15.119099439295397
15.35170396732615
15.584297950697332
15.81688071284611
16.04945529106932
16.28205802231589
16.514657962449512
16.747265779135848
16.979909352143768
17.212527607138934
17.445098364657245
17.67776877506309
17.910423027166505
18.143058054936457
18.375599115477854
18.60815475666061
18.840777052679595
19.073382513734174
19.30600235763471
19.53858162403443
19.77117199072394
20.00374661183641
20.236370323445318
20.468986292653707
20.701530379365614
20.93414319812858
21.166716436882545
21.399304791229458
21.631922143782568
21.864556913710835
22.09716094490649
22.32971986001886
22.56235120097247
22.794998114647402
23.02757645407924
23.26014444441161
23.492718925808106
23.725296948680846
23.957866256987952
24.190466432363582
24.42308517587664
24.655671505394572
24.888231502673435
25.12078445608902
25.35334142374126
25.585953472704286
25.81854834309562
26.05112789194606
26.28379970979891
26.516383323294342
26.749012991148827
26.981616781696502
27.214218858170252
27.44676243000282
27.67935091334619
27.911939349228916
28.144530092089717
28.37709368359977
28.609644826735202
28.842265961644035
29.07486253100115
29.30749381415794
29.54006376256202
29.772668290670566
30.005215604746372
30.23779629356705
30.47042291461247
30.703043962864445
30.93564926802961
31.168257635776335
31.40088674103132
31.633495771078703
31.86606417984477
32.09866296156306
32.331266463410934
32.56387127062501
32.79647837518698
33.02913911832062
33.26172524997137
33.49426584156656
33.72691664582242
33.95942702259245
34.19203827340439
34.424653121009825
34.65724677212473
34.88985212222659
35.12244081923774
35.35502930760568
35.587645362828916
35.820242396579594
36.05284550335345
36.28546559769999
36.5180415128398
36.75061209871712
36.98320267970036
37.21582602835482
37.44839834929671
37.68092194827618
37.91350784988478
38.14614629401947
38.37872970341876
38.61127265612781
38.84385050541953
39.076437233779515
39.30899829619709
39.5416157688284
39.77421762622751
40.00680273646416
40.239428977482554
40.472007843117204
40.70466274709273
40.93726300604281
41.16982482113503
41.40243010724141
41.63503650868398
41.867579638541244
42.10021984345825
42.33279152274309
42.565402756340106
42.79798601135429
43.03057352693034
43.26315389600108
43.49572775210372
43.72829815007066
43.96086154032062
44.193488259129985
44.42609502105715
44.658692941539215
44.89126939302948
45.1238812011267
euclidean_dist mean_error:  0.2325973257790036
